26.05408999999054,6.98535000000265,0;
26.04985000001034,6.93892000000051,0;
26.05694999999832,6.92257999999856,0;
26.07738000000245,6.901619999996909,0;
26.08556000000681,6.854249999996681,0;
26.15724000000046,6.81248999999661,0;
26.1767300000065,6.78601000000344,0;
26.21619000000646,6.74109000000317,0;
26.25891999999294,6.719149999997169,0;
26.32211999999709,6.69853999999759,0;
26.37265999999363,6.67657999999938,0;
26.41226000001188,6.64620999999897,0;
26.38742000001366,6.60134999999718,0;
26.37241000001086,6.57678000000305,0;
26.34981000001426,6.550159999998869,0;
26.32743000000482,6.51986000000034,0;
26.29724000001443,6.49394000000029,0;
26.29508999999962,6.46059999999852,0;
26.3017000000109,6.43828000000212,0;
26.29402999999002,6.40196000000287,0;
26.3435799999861,6.35699000000022,0;
26.42827000000398,6.30135999999766,0;
26.46616000001086,6.28424999999697,0;
26.47542999999132,6.22810000000027,0;
26.50898000001325,6.224569999998489,0;
26.53559000001405,6.20564000000013,0;
26.49958999999217,6.14891000000353,0;
26.45050999999512,6.102800000000571,0;
26.48658999998588,6.10270999999921,0;
26.52405000000726,6.105719999999561,0;
26.53683999998611,6.07106000000203,0;
26.5601800000004,6.033280000003291,0;
26.60544000001391,6.029940000000349,0;
26.65500999998767,6.00495999999839,0;
26.70422000001417,6.017010000003209,0;
26.75177999999141,6.01320000000123,0;
26.79925999999978,5.98361000000295,0;
26.82837999999174,5.962129999999889,0;
26.85136000000057,5.88867999999638,0;
26.90468999999575,5.89472999999998,0;
26.92850000000908,5.87004000000161,0;
26.98452999998699,5.857439999999769,0;
27.02533000000403,5.83039000000281,0;
27.04777999999351,5.808460000000199,0;
27.07204999998794,5.78628999999637,0;
27.1076699999976,5.78663999999844,0;
27.13448999999673,5.77090000000317,0;
27.16044000000693,5.76737000000139,0;
27.14498000001186,5.74923999999737,0;
27.19792999999481,5.71293999999762,0;
27.21682000000146,5.66363000000274,0;
27.23527000000468,5.61916000000201,0;
27.24551000000793,5.59219999999914,0;
27.28382000001147,5.58103000000119,0;
27.27652000001399,5.53020000000106,0;
27.24319999999716,5.45990000000165,0;
27.23993000001065,5.38098000000173,0;
27.24892000001273,5.32686000000103,0;
27.29777999999351,5.25074999999924,0;
27.33660999999847,5.19606000000203,0;
27.4016100000008,5.14312999999675,0;
27.45663999998942,5.06466999999975,0;
27.47018999999273,5.00822999999946,0;
27.50130000000354,4.98094999999739,0;
27.5250900000101,4.95876999999746,0;
27.55840000000899,4.91053000000102,0;
27.60148000001209,4.89332999999897,0;
27.68398999999044,4.86837999999989,0;
27.7018500000122,4.80225000000064,0;
27.75641999999061,4.79097999999794,0;
27.78239000000758,4.74760000000242,0;
27.78562999999849,4.69902000000002,0;
27.7749199999962,4.66107999999804,0;
27.78203999999096,4.60856999999669,0;
27.80861000000732,4.60040000000299,0;
27.83306999999331,4.57478999999876,0;
27.87812999999733,4.54735000000073,0;
27.92673999999533,4.54374000000098,0;
27.94680000000517,4.56551999999647,0;
27.98918000000413,4.55197999999655,0;
28.02723000000697,4.54628999999841,0;
28.03197000001092,4.47767000000022,0;
28.06753000000026,4.43009000000166,0;
28.0842699999921,4.42839999999705,0;
28.11799999998766,4.43263000000297,0;
28.14251000000514,4.42560999999841,0;
28.13203999999678,4.39388999999937,0;
28.19106000001193,4.36000999999669,0;
28.2430400000012,4.34365000000253,0;
28.27770000000601,4.34947000000102,0;
28.33546999999089,4.34483000000182,0;
28.36610000001383,4.32441999999719,0;
28.37458000000333,4.27558000000136,0;
28.39911999998731,4.27706999999646,0;
28.43768000000273,4.28332999999839,0;
28.48368000000482,4.31072000000131,0;
28.49528999999166,4.33920999999827,0;
28.51011999999173,4.36905999999726,0;
28.56864000001224,4.37428999999975,0;
28.59635000000708,4.41098000000056,0;
28.62640000000829,4.41105999999854,0;
28.67011000000639,4.44176000000152,0;
28.68810999998823,4.5002800000002,0;
28.71666999999434,4.52268999999797,0;
28.72683999998844,4.53691000000254,0;
28.76821000000927,4.55096000000049,0;
28.79772999999113,4.53859999999986,0;
28.80642000000807,4.49044999999751,0;
28.8572700000077,4.4768200000035,0;
28.90265000000363,4.4710500000001,0;
28.94696000000113,4.4788600000029,0;
28.99538000000758,4.48157999999967,0;
29.03915999998571,4.47695999999996,0;
29.07459000000381,4.45534999999654,0;
29.07741999998689,4.42863000000216,0;
29.13381999998819,4.4241600000023,0;
29.15218999999342,4.38930000000255,0;
29.18963000000804,4.35914999999659,0;
29.23701000001165,4.34298999999737,0;
29.24638999998569,4.37885000000097,0;
29.28635000000941,4.38666999999987,0;
29.32143000001088,4.38461000000098,0;
29.35813999999664,4.461510000001,0;
29.42767999999342,4.50966999999946,0;
29.44482000000426,4.56824999999662,0;
29.46903000000748,4.58836000000156,0;
29.4672600000049,4.63556000000244,0;
29.47779000000446,4.66748999999982,0;
29.520909999992,4.66653000000224,0;
29.5559699999867,4.65963999999803,0;
29.59009000001243,4.64882999999827,0;
29.62314999999944,4.65275999999722,0;
29.67256999999517,4.63173000000097,0;
29.71348999999464,4.60867999999755,0;
29.74489000000176,4.57072000000335,0;
29.78406999999425,4.56332999999722,0;
29.82438000000548,4.55223999999725,0;
29.79311999998754,4.50893999999971,0;
29.80040000000735,4.46538999999757,0;
29.79571999999462,4.41438999999809,0;
29.79568000001018,4.37978000000294,0;
29.83123000001069,4.34272000000055,0;
29.87684000001173,4.33896000000095,0;
29.94180999998935,4.31481000000349,0;
29.95243999999366,4.25994999999966,0;
29.94790999998804,4.2346600000019,0;
30.03813000000082,4.18877999999677,0;
30.05040999999619,4.14450000000215,0;
30.12627999999677,4.11342999999761,0;
30.15885000000708,4.08007000000362,0;
30.17430000001332,4.04275999999663,0;
30.20396000001347,3.98799000000145,0;
30.22260000000824,3.93744000000152,0;
30.27992999998969,3.95389000000068,0;
30.31541000001016,3.93192999999883,0;
30.35287000000244,3.91479999999865,0;
30.41112000000431,3.88191999999981,0;
30.44995000000927,3.88099000000148,0;
30.49299999998766,3.856810000001131,0;
30.54660000000149,3.86814999999842,0;
30.56956000000354,3.77246000000014,0;
30.57490999999573,3.64118999999846,0;
30.55864000000292,3.59602000000086,0;
30.62255999998888,3.60693000000174,0;
30.68685999998706,3.63404000000082,0;
30.7345600000117,3.62430999999924,0;
30.77145999998902,3.67470999999932,0;
30.78575000001001,3.62068999999974,0;
30.85696000000462,3.56889999999839,0;
30.85000000000582,3.52379999999903,0;
30.86129999998957,3.48559999999998,0;
30.86230000000796,3.48878999999943,0;
30.86317999998573,3.49135999999999,0;
30.86491000000387,3.494869999998631,0;
30.8665500000061,3.49985000000015,0;
30.86775999999373,3.50298000000112,0;
30.86939999999595,3.50483000000168,0;
30.8697300000058,3.509020000001331,0;
30.87132999999448,3.51135000000068,0;
30.872709999996,3.51383999999962,0;
30.87383999998564,3.51787999999942,0;
30.87419000000227,3.52117999999973,0;
30.87541999999667,3.52366999999867,0;
30.87682000000497,3.52606000000014,0;
30.87851000000955,3.52852999999959,0;
30.87883000000148,3.530569999998991,0;
30.8796100000036,3.53375999999844,0;
30.88010000000941,3.53672000000006,0;
30.88128999999025,3.5392299999985,0;
30.88101000001188,3.54128000000128,0;
30.88258000000497,3.54229000000123,0;
30.88351000001421,3.54526999999871,0;
30.88459999999031,3.54750000000058,0;
30.88604000001214,3.55005000000165,0;
30.88626999998814,3.55312000000049,0;
30.88669000001391,3.55558000000019,0;
30.88748000000487,3.55763999999908,0;
30.88858999998774,3.559479999999891,0;
30.89009000000078,3.56188000000111,0;
30.89199000000371,3.56266999999934,0;
30.89332000000286,3.56463000000076,0;
30.89493999999831,3.56634000000122,0;
30.89538999999059,3.568230000000769,0;
30.89681000000564,3.56947999999829,0;
30.89777999999933,3.57076999999845,0;
30.89942000000156,3.572670000001379,0;
30.90007999999216,3.57450999999855,0;
30.90155999999843,3.57580999999846,0;
30.90283999999519,3.57778999999937,0;
30.90322999999626,3.58063000000038,0;
30.90367999998853,3.58272999999826,0;
30.90432000000146,3.58465000000069,0;
30.90466999998898,3.58678000000145,0;
30.90570999999181,3.58872999999949,0;
30.90731999999844,3.58992999999828,0;
30.90715000001364,3.59205999999904,0;
30.90757999999914,3.5950699999994,0;
30.9087700000091,3.59733000000051,0;
30.91245999999228,3.5999699999993,0;
30.91542000000481,3.60099999999875,0;
30.91657999999006,3.602040000001581,0;
30.91871999998693,3.602279999999149,0;
30.91930000000866,3.6020099999987,0;
30.92050999999628,3.6023099999984,0;
30.92113000000245,3.60379000000103,0;
30.92170000000624,3.60537000000113,0;
30.92240999999921,3.60583000000042,0;
30.9233200000017,3.60660999999891,0;
30.92280000000028,3.60751000000164,0;
30.9240099999879,3.60901999999987,0;
30.92374999998719,3.610599999999979,0;
30.9244100000069,3.61185000000114,0;
30.92543000000296,3.61330000000089,0;
30.92605000000913,3.6150000000016,0;
30.92615000001388,3.61740999999893,0;
30.92699000000721,3.619419999999081,0;
30.92838999998639,3.61967000000004,0;
30.92814999999246,3.620640000001,0;
30.9286499999871,3.62153000000035,0;
30.92983999999705,3.62145999999848,0;
30.93083999998635,3.62217999999848,0;
30.93242999998619,3.62217999999848,0;
30.93496000001323,3.62227999999959,0;
30.93557999999029,3.622159999998991,0;
30.93655000001309,3.62197000000015,0;
30.93745999998646,3.62177000000156,0;
30.93869999999879,3.62253000000055,0;
30.93898000000627,3.62466000000131,0;
30.9383600000001,3.625710000000249,0;
30.93882999999914,3.6271799999995,0;
30.93981000001077,3.62774999999965,0;
30.93984000000637,3.62923999999839,0;
30.941049999994,3.63071000000127,0;
30.94284000000334,3.63173000000097,0;
30.94480999998632,3.63277000000016,0;
30.94648000001325,3.63478000000032,0;
30.94859000001452,3.63683999999921,0;
30.94894000000204,3.63955999999962,0;
30.94834000000264,3.64178000000175,0;
30.94881000000168,3.6443700000018,0;
30.94769000000088,3.64574999999968,0;
30.94709999999032,3.647890000000189,0;
30.94674000001396,3.650850000001809,0;
30.94592999998713,3.653080000000049,0;
30.94682000001194,3.65509999999995,0;
30.94852999999421,3.65626999999949,0;
30.94876999998815,3.65869999999995,0;
30.94998000000487,3.66080000000147,0;
30.95131000000401,3.66286000000036,0;
30.95243999999366,3.664909999999511,0;
30.95436000000336,3.66642000000138,0;
30.95407000000705,3.66857000000164,0;
30.95504999998957,3.67127999999866,0;
30.95827999999165,3.67269999999917,0;
30.96082000000752,3.67413999999917,0;
30.96358000001054,3.67416999999841,0;
30.96531999998842,3.67455999999947,0;
30.96664999998757,3.675749999998521,0;
30.96780000001308,3.68445000000065,0;
30.97291000001132,3.696169999999261,0;
30.98229000001447,3.70553999999902,0;
30.99062999998569,3.70953000000009,0;
30.99700999999186,3.71082999999999,0;
31.00141999998596,3.7109100000016,0;
31.00690999999642,3.7091900000014,0;
31.00821999998879,3.70708999999988,0;
31.010970000003,3.70496999999887,0;
31.01373000000604,3.70383999999831,0;
31.01605999999447,3.70277999999962,0;
31.01696999999695,3.70093999999881,0;
31.01761000000988,3.69940000000133,0;
31.01806999999098,3.69748999999865,0;
31.01936999999452,3.6957599999987,0;
31.02173000000766,3.6960399999989,0;
31.02423000000999,3.69786000000022,0;
31.02658000000519,3.69833999999901,0;
31.0297600000049,3.69930999999997,0;
31.03273000000627,3.70123999999851,0;
31.03575999999885,3.70546000000104,0;
31.03959999998915,3.7074500000017,0;
31.04177999999956,3.71062000000165,0;
31.04503999999724,3.71256999999969,0;
31.04759000000195,3.71502999999939,0;
31.05084999999963,3.71597000000111,0;
31.05275999999139,3.71688999999969,0;
31.05450999998721,3.71902000000046,0;
31.05671999999322,3.72045000000071,0;
31.0599799999909,3.72187000000122,0;
31.0610100000049,3.7258499999989,0;
31.06059999999707,3.72910000000047,0;
31.06304999999702,3.73089999999865,0;
31.06205000000773,3.73281000000134,0;
31.05919999998878,3.73497000000134,0;
31.05960000000778,3.73688000000038,0;
31.06177000000025,3.73834999999963,0;
31.0629299999855,3.74043000000165,0;
31.06468999999925,3.74224999999933,0;
31.06758999999147,3.74407000000065,0;
31.06956999999239,3.74541999999929,0;
31.07232000000658,3.74614999999903,0;
31.07686000000103,3.74534000000131,0;
31.08022000000346,3.74533000000156,0;
31.08330999998725,3.74322000000029,0;
31.08634999999777,3.74333000000115,0;
31.08895999999367,3.74291000000085,0;
31.09004000001005,3.73747000000003,0;
31.09257999999682,3.73875000000044,0;
31.09362999998848,3.74201000000176,0;
31.09740999998758,3.73920999999973,0;
31.09995000000345,3.73866999999882,0;
31.10105999998632,3.74024999999892,0;
31.10104000000865,3.7417400000013,0;
31.10336999999709,3.74207999999999,0;
31.10456000000704,3.74325999999928,0;
31.10321000000113,3.74393000000055,0;
31.10128999999142,3.74454999999944,0;
31.10003000000143,3.744449999998321,0;
31.09961999999359,3.74726999999984,0;
31.1007099999988,3.74823000000106,0;
31.101800000004,3.748559999999999,0;
31.10305000000517,3.74948999999833,0;
31.10394000000088,3.751660000001721,0;
31.10488999998779,3.75281000000177,0;
31.10646000000997,3.75212000000101,0;
31.10790999999154,3.75220999999874,0;
31.10884999998962,3.7547799999993,0;
31.11030999998911,3.7559399999991,0;
31.11157999999705,3.75648000000001,0;
31.11368000000948,3.75728000000163,0;
31.11459000001197,3.75617000000057,0;
31.11600999999792,3.75561000000016,0;
31.11856999999145,3.75789000000077,0;
31.11958999998751,3.76014999999825,0;
31.12064000000828,3.76008000000002,0;
31.12255999998888,3.76146000000153,0;
31.1228800000099,3.76382999999987,0;
31.12505000000238,3.76488999999856,0;
31.12679000000935,3.764950000000681,0;
31.12773000000743,3.76665000000139,0;
31.12943000000087,3.76829999999973,0;
31.13221999999951,3.76746999999887,0;
31.13433000000078,3.76880000000165,0;
31.13396999999531,3.77004999999917,0;
31.13675999999395,3.77172000000064,0;
31.13920000000508,3.77324999999837,0;
31.14157999999588,3.77458000000115,0;
31.14488999999594,3.7758700000013,0;
31.14777999999933,3.77888000000166,0;
31.14923999999883,3.77924999999959,0;
31.15088999998988,3.77992000000086,0;
31.15397000001395,3.78188999999838,0;
31.15658000000986,3.785970000000821,0;
31.15851000000839,3.78801999999996,0;
31.1651000000129,3.796760000001091,0;
31.18272000001161,3.79611999999906,0;
31.19083000000682,3.79677000000083,0;
31.1966100000136,3.79682999999932,0;
31.20910000000731,3.796760000001091,0;
31.21288999999524,3.79723000000013,0;
31.21548000001349,3.79723999999987,0;
31.21791000000666,3.79748000000109,0;
31.22450000001118,3.79677000000083,0;
31.24332000000868,3.79691000000093,0;
31.245820000011,3.79700999999841,0;
31.26277999999002,3.79677000000083,0;
31.28997000001254,3.79623999999967,0;
31.324729999993,3.77242000000115,0;
31.36136000000988,3.74842999999964,0;
31.39723000000231,3.73056999999972,0;
31.427159999992,3.71530999999959,0;
31.46827000001212,3.692879999998691,0;
31.5,3.67854000000079,0;
31.50614000001223,3.66394999999829,0;
31.50247000000672,3.65264000000025,0;
31.50229999999283,3.64372999999978,0;
31.51110000000336,3.64086999999927,0;
31.521539999987,3.64577999999892,0;
31.57733999998891,3.68274000000019,0;
31.61561999999685,3.69498000000021,0;
31.70736000000034,3.72398999999859,0;
31.72862000000896,3.75340000000142,0;
31.75128999998561,3.76372999999876,0;
31.75489000001107,3.76626000000033,0;
31.7584199999983,3.769670000001501,0;
31.76232000000892,3.772830000001699,0;
31.76532000000589,3.7744500000008,0;
31.76832000000286,3.77718000000095,0;
31.7717999999877,3.78004000000146,0;
31.77520000000368,3.78286999999909,0;
31.7789000000048,3.78525000000081,0;
31.78206999998656,3.78854000000138,0;
31.78513999999268,3.78985000000102,0;
31.78820000000996,3.79219000000012,0;
31.78997000001255,3.79324999999881,0;
31.79302000001189,3.79560000000129,0;
31.79602000000887,3.79789000000164,0;
31.80001999999513,3.80032999999821,0;
31.80085999998846,3.80256000000008,0;
31.80223000000115,3.80469000000085,0;
31.80197999998927,3.80803999999989,0;
31.80058999999892,3.8113400000002,0;
31.79712999999174,3.81272000000172,0;
31.79504999998608,3.81547000000137,0;
31.79644999999437,3.81883999999991,0;
31.79631000000518,3.82246999999916,0;
31.80475000001024,3.82492999999886,0;
31.82446000000346,3.8203199999989,0;
31.85086999999475,3.79837000000043,0;
31.86905000000843,3.7853099999993,0;
31.87781999999424,3.77254000000175,0;
31.90122999998857,3.7439000000013,0;
31.91341999999713,3.72411999999895,0;
31.92764999999781,3.70559000000139,0;
31.9429999999993,3.67930999999953,0;
31.94607000000542,3.67568000000028,0;
31.95063000000664,3.66678999999931,0;
31.96046000000206,3.65002000000095,0;
31.95600999999442,3.64001999999891,0;
31.95517000000109,3.63861000000179,0;
31.95402999999351,3.63743999999861,0;
31.95332000000053,3.63549000000057,0;
31.95167000000947,3.62926000000152,0;
31.95311999999103,3.60800999999992,0;
31.95402999999351,3.60449000000153,0;
31.95467999999528,3.60173999999824,0;
31.95517999998993,3.59994999999981,0;
31.95485999999801,3.59831000000122,0;
31.95579999999608,3.59591,0;
31.95665999999619,3.59424999999828,0;
31.95683999999892,3.59168000000136,0;
31.95704999999725,3.58944999999949,0;
31.95782000001054,3.588670000001001,0;
31.95811999999568,3.58750000000146,0;
31.95785999999498,3.58557999999903,0;
31.95830999998725,3.58367999999973,0;
31.95905999999377,3.58237999999983,0;
31.95934000000125,3.58018000000084,0;
31.96004999999423,3.578949999999169,0;
31.95954999999958,3.57792999999947,0;
31.95889000000898,3.57631000000038,0;
31.9585800000059,3.57506999999896,0;
31.95826000001398,3.57185000000027,0;
31.96163000000525,3.5717599999989,0;
31.96372999998858,3.57311000000118,0;
31.96653999999399,3.57430000000022,0;
31.96851999999489,3.575779999999209,0;
31.96981999999844,3.57568000000174,0;
31.97305999998935,3.574870000000371,0;
31.97560000000522,3.57548999999926,0;
31.97777999998652,3.57713000000149,0;
31.98048999998719,3.57994999999937,0;
31.98238999999012,3.57911999999851,0;
31.98483999999008,3.57945000000109,0;
31.98722000000998,3.58025999999882,0;
31.9894600000116,3.57995999999912,0;
31.99348999999347,3.57837999999902,0;
31.9976500000048,3.57993999999962,0;
31.99992000000202,3.58047000000079,0;
32.00252999999793,3.57993999999962,0;
32.00605999998515,3.58068999999887,0;
32.01339999999618,3.58243999999831,0;
32.02811999997357,3.58510999999999,0;
32.03671999997459,3.58749000000171,0;
32.03867999999784,3.58842999999979,0;
32.04109999997308,3.59088999999949,0;
32.04292999999598,3.59237999999823,0;
32.04392999998527,3.59505999999965,0;
32.04547000001185,3.59259999999995,0;
32.04489000001922,3.59032999999908,0;
32.04684999998426,3.59026000000085,0;
32.04866999998922,3.59155000000101,0;
32.05073000001721,3.59321999999884,0;
32.05330999998841,3.5926099999997,0;
32.05256999999983,3.58976999999868,0;
32.05389999999898,3.590189999998981,0;
32.05609999998705,3.588790000001611,0;
32.05699000001187,3.59004999999888,0;
32.06033000000753,3.58722000000125,0;
32.05832000001101,3.58602999999857,0;
32.05719999998109,3.58323000000019,0;
32.05917999998201,3.58321000000069,0;
32.06010000000242,3.58297999999922,0;
32.06215000001248,3.58240999999907,0;
32.06122999999207,3.57925999999861,0;
32.06284999998752,3.57877000000008,0;
32.06388999999035,3.57886000000144,0;
32.0645900000236,3.57860000000073,0;
32.06705000001239,3.57671000000119,0;
32.06884999998147,3.57857000000149,0;
32.06992999999784,3.577099999998611,0;
32.06809000001522,3.57476999999926,0;
32.07141999999294,3.57429000000047,0;
32.07229999999981,3.57220999999845,0;
32.07216999999946,3.56944999999905,0;
32.07446999999229,3.56994000000122,0;
32.07643000001553,3.56949000000168,0;
32.07928000000538,3.56770999999935,0;
32.08114000002388,3.56678000000102,0;
32.08098000002792,3.56360000000132,0;
32.08120999997482,3.5617600000005,0;
32.08377999998629,3.56328999999823,0;
32.08603000000585,3.56198999999833,0;
32.08351000002585,3.56096999999863,0;
32.081119999988,3.55881999999838,0;
32.08101999998325,3.55574999999953,0;
32.08259000000544,3.552410000000239,0;
32.08241999999154,3.54914999999892,0;
32.08364000002621,3.54727999999886,0;
32.08688999997685,3.54949000000124,0;
32.08763999998337,3.54711999999927,0;
32.0863600000157,3.54401000000144,0;
32.08893999998691,3.53851999999824,0;
32.08681000000797,3.535719999999861,0;
32.08457000000635,3.53886000000057,0;
32.08341999998083,3.535869999999699,0;
32.08439999999246,3.53325000000041,0;
32.0965299999807,3.53277000000162,0;
32.10418000002392,3.5314099999996,0;
32.12247000000207,3.52692000000025,0;
32.14533000002848,3.52134999999907,0;
32.18462999997428,3.5117199999986,0;
32.20175000000745,3.50771000000168,0;
32.20415000000503,3.51485999999932,0;
32.20126000000164,3.52458000000115,0;
32.20592999999644,3.53677999999854,0;
32.20942999998806,3.54103000000032,0;
32.20756000000983,3.54879000000074,0;
32.21548999997322,3.5609199999999,0;
32.21548999997322,3.56656999999905,0;
32.21517999999924,3.57689000000028,0;
32.21104999998352,3.58321000000069,0;
32.20819999999367,3.59216000000015,0;
32.2037700000219,3.5938900000001,0;
32.20017999998527,3.59508999999889,0;
32.19490000000224,3.5973699999995,0;
32.25176000001375,3.63594999999987,0;
32.27467999997316,3.65155999999843,0;
32.29161000001477,3.66299000000072,0;
32.31805000000168,3.68052000000171,0;
32.34412000002339,3.698029999999561,0;
32.3604499999783,3.70892000000094,0;
32.38751999998931,3.72704000000158,0;
32.41035000002012,3.74227999999857,0;
32.42038999998476,3.74611999999979,0;
32.55820999998832,3.75659000000087,0;
32.6833852599375,3.76525434081122,0;
32.76553999999305,3.78025999999954,0;
32.80573000002187,3.79065999999875,0;
32.83734999998705,3.79868999999962,0;
32.86735000001499,3.80673000000024,0;
32.89759000000777,3.81469999999899,0;
32.91594999999506,3.82483000000138,0;
32.95634999999311,3.849920000000571,0;
32.98939000000246,3.8703800000003,0;
33.009710000013,3.88269999999829,0;
33.02675999997882,3.89332999999897,0;
33.04660000000149,3.87929000000076,0;
33.07108000002336,3.85906999999861,0;
33.10207000002265,3.83738000000085,0;
33.12862999999197,3.81701999999859,0;
33.17290000000503,3.783350000001521,0;
33.48894000001019,3.75398000000132,0;
33.51107000000775,3.75182000000132,0;
33.92824999999721,4.17394999999669,0;
34.16276999999536,4.38521999999648,0;
34.9655999999959,4.60985000000073,0;
35.24923000001581,4.61222000000271,0;
35.53392999997595,4.61306999999942,0;
35.86408999998821,4.61555999999837,0;
35.86414000001969,4.72404999999708,0;
35.81394000002183,4.91277999999875,0;
35.81474000000162,5.08396000000357,0;
35.82839999999851,5.11733999999706,0;
35.85869999998249,5.15350000000035,0;
35.85607999999775,5.19350999999733,0;
35.82922000001417,5.23384000000078,0;
35.86077000002842,5.28796999999759,0;
35.86209000000963,5.31360000000132,0;
35.85697999998229,5.31921999999759,0;
35.84301000001142,5.3255100000024,0;
35.83818000002066,5.33537000000069,0;
35.82404999999562,5.33544999999867,0;
35.81523000000743,5.34311000000162,0;
35.80280000000494,5.34687999999733,0;
35.78976999997394,5.34724000000278,0;
35.78048999997554,5.35599999999977,0;
35.77117999998154,5.35495999999694,0;
35.77175999997417,5.34754999999859,0;
35.75699999998324,5.3582000000024,0;
35.75344000000041,5.37088000000222,0;
35.73793000000296,5.37436999999773,0;
35.72749999997905,5.37556000000041,0;
35.71883000002708,5.3897300000026,0;
35.71068999997806,5.38934000000154,0;
35.70020999998087,5.39338000000134,0;
35.69017999997595,5.38928000000305,0;
35.68229999998584,5.38782000000356,0;
35.66821999999229,5.38738000000012,0;
35.65651000000071,5.38709999999992,0;
35.65081999998074,5.39284000000043,0;
35.6395800000173,5.3885700000028,0;
35.63023000000976,5.38446999999724,0;
35.61994000000414,5.38324999999895,0;
35.61632999998983,5.39585000000079,0;
35.61090000002878,5.40540000000328,0;
35.60399999999208,5.39880000000267,0;
35.59200000000419,5.41032999999879,0;
35.57454000000143,5.41395999999804,0;
35.54690000001574,5.41631000000052,0;
35.52744999999413,5.41335999999865,0;
35.47181000001729,5.40681000000041,0;
35.42068999999901,5.37002999999822,0;
35.35324000002583,5.33660999999847,0;
35.31291999999667,5.33789000000252,0;
35.29795999999624,5.42035000000033,0;
35.31803000002401,5.46820000000298,0;
35.30605999997351,5.50104000000283,0;
35.23066000000108,5.55013999999937,0;
35.12573999998858,5.6299399999989,0;
35.12806000001729,5.68996000000334,0;
35.10921999998391,5.71891000000323,0;
35.09314000001177,5.747040000002019,0;
35.07857999997213,5.772680000001859,0;
35.03596000000834,5.841350000002419,0;
35,5.93102999999974,0;
34.99332000000868,5.95539000000281,0;
35.00867000001017,6.000200000002219,0;
34.99439000000712,6.043969999998811,0;
35,6.0738199999978,0;
34.97661999997217,6.088909999998579,0;
34.96473000000697,6.11867000000348,0;
34.97168999997666,6.17326000000321,0;
34.96795000002021,6.217100000001661,0;
34.95283999998355,6.25693000000319,0;
34.98219000000972,6.291129999997791,0;
34.98846000002231,6.32564999999886,0;
34.98959999997169,6.38324999999895,0;
35.00455999997212,6.39826000000176,0;
35.01954000000842,6.447019999999611,0;
34.99634999997215,6.48208000000159,0;
34.96450000000186,6.509689999998951,0;
34.94883000000846,6.533009999999189,0;
34.91557999997167,6.561079999999489,0;
34.89397999999346,6.5761199999979,0;
34.85359999997308,6.60095000000001,0;
34.81086000002688,6.60373999999865,0;
34.77276999998139,6.5963499999998,0;
34.74326000001747,6.62984000000142,0;
34.71363000001293,6.65381000000343,0;
34.69490000000224,6.69155000000319,0;
34.63306000002194,6.73750000000291,0;
34.61944999999832,6.72393000000011,0;
34.5871899999911,6.72419999999693,0;
34.53548000002047,6.743390000003269,0;
34.52754999999888,6.75286000000051,0;
34.53594999999041,6.79282000000239,0;
34.53690000000643,6.81530000000203,0;
34.53012000001036,6.848519999999551,0;
34.50906999997096,6.86265000000276,0;
34.49463999998989,6.88848999999755,0;
34.46162000001641,6.92525000000023,0;
34.42147000000114,6.93806000000041,0;
34.36511000001337,6.950680000001741,0;
34.30495000001974,6.96059000000241,0;
34.2673000000068,6.99521999999706,0;
34.26588000002084,7.004469999999861,0;
34.24631000001682,7.00553000000218,0;
34.23070999997435,7.01062999999704,0;
34.22168000001693,7.01963999999862,0;
34.21552000002703,7.03287999999884,0;
34.19244000001345,7.044459999997339,0;
34.19429999997374,7.06203999999707,0;
34.18780999997398,7.079850000001899,0;
34.19377999997232,7.09825999999885,0;
34.19202999997651,7.11952000000019,0;
34.16380999999819,7.14437999999791,0;
34.1028299999889,7.169569999998199,0;
34.06653000001097,7.214079999997919,0;
34.01471000001766,7.25308999999834,0;
34.03182999999262,7.27066000000195,0;
34.031650000019,7.360509999998609,0;
33.9845900000073,7.43368999999802,0;
33.94446999998763,7.46663999999873,0;
33.94464000000153,7.49642000000313,0;
33.91272000002209,7.512280000002649,0;
33.883450000023,7.511559999999011,0;
33.84265000000596,7.55511000000115,0;
33.79608000000007,7.60291000000143,0;
33.77227000001585,7.61078999999881,0;
33.73174999997718,7.639199999997801,0;
33.69485000002896,7.661070000001931,0;
33.68764000001829,7.6712800000023,0;
33.68975999997929,7.67915000000357,0;
33.66733999998542,7.69370000000345,0;
33.6416699999827,7.691989999999351,0;
33.63216999999713,7.70188000000053,0;
33.59810000000289,7.70494000000326,0;
33.5728399999789,7.68753999999899,0;
33.54002999997465,7.701439999997089,0;
33.52260999998543,7.72149000000354,0;
33.50190999999177,7.72699000000284,0;
33.47363000002224,7.743889999997919,0;
33.4531100000022,7.734490000002549,0;
33.42317000002367,7.747810000000759,0;
33.40256999997655,7.73328999999649,0;
33.37927999999374,7.72995999999694,0;
33.35482000000775,7.71994000000268,0;
33.33815999998478,7.70616000000155,0;
33.31598999997368,7.717609999999701,0;
33.29738000000361,7.73586000000068,0;
33.28159000002779,7.73780000000261,0;
33.24189000000479,7.77116999999998,0;
33.19312000001082,7.780120000003081,0;
33.16421000001719,7.794060000000169,0;
33.14227000001119,7.78530000000319,0;
33.11246999999275,7.78136999999697,0;
33.09577000001445,7.78951999999845,0;
33.06609999999637,7.785869999999711,0;
33.04577999998583,7.7910600000032,0;
33.01822000002721,7.84043999999995,0;
33.01140999997733,7.884359999996379,0;
32.99994000000879,7.93619000000035,0;
33.03671000001486,7.97531000000163,0;
33.04090000002179,8.006529999998749,0;
33.07942000002367,8.042339999999969,0;
33.08539000002202,8.073860000004061,0;
33.11862000002293,8.06385000000591,0;
33.1340799999889,8.11105999999563,0;
33.16570000001229,8.12188999999489,0;
33.18232000002172,8.145310000007161,0;
33.17399999999907,8.18381000000227,0;
33.17032999999356,8.19857999999658,0;
33.19818000000669,8.245290000006211,0;
33.17488000000594,8.28449000000546,0;
33.20047999999952,8.302240000004531,0;
33.19786000001477,8.33202000000165,0;
33.20128999999724,8.34792000000016,0;
33.18842000002041,8.400559999994581,0;
33.2166299999808,8.412840000004509,0;
33.23427999997512,8.42153999999573,0;
33.27561999997124,8.45098999999755,0;
33.30178999999771,8.450589999993101,0;
33.32334000000265,8.445259999993141,0;
33.37023000000045,8.434200000003329,0;
33.39832999999635,8.42514999999548,0;
33.44349999999395,8.43660000000091,0;
33.47558000002755,8.45089999999618,0;
33.49566000001505,8.469760000007231,0;
33.52847999997903,8.46697999999742,0;
33.56257000000915,8.46680999999808,0;
33.62138000002597,8.46675000000687,0;
33.668880000012,8.444749999995111,0;
33.67626999999629,8.42337000000407,0;
33.69115000002785,8.38896999999997,0;
33.71163999999408,8.36793999999645,0;
33.73940999998013,8.368950000003681,0;
33.75196000002325,8.37404999999853,0;
33.77772000001278,8.37227000000712,0;
33.81063000002177,8.397119999994169,0;
33.83646000002045,8.425180000005639,0;
33.86475000000792,8.434309999996909,0;
33.88088000001153,8.459029999998171,0;
33.92171999998391,8.48374999999942,0;
33.95111999998335,8.492750000004889,0;
33.98599999997532,8.486409999997701,0;
34.02114000002621,8.48793000000296,0;
34.03221999999369,8.510699999998909,0;
34.10363999998663,8.552819999997149,0;
34.1324199999799,8.59006000000227,0;
34.14013000001432,8.598840000006019,0;
34.14325000002282,8.6116100000072,0;
34.14367000001948,8.66753999999491,0;
34.1435599999968,8.73365999999805,0;
34.14222999999765,8.816460000001831,0;
34.14420999999857,8.977119999995921,0;
34.14269000000786,9.048259999995929,0;
34.14089999999851,9.069480000005569,0;
34.13850000000093,9.087320000006001,0;
34.1372899999842,9.11405000000377,0;
34.13569000002462,9.1365300000034,0;
34.13309000001755,9.158219999997529,0;
34.12888999999268,9.20518000000448,0;
34.12874999997439,9.21177999999782,0;
34.127060000028,9.22620999999344,0;
34.12504000001354,9.24572000000626,0;
34.12355000001844,9.265039999998409,0;
34.12170000001788,9.28721999999834,0;
34.11995000002207,9.317360000000919,0;
34.11746999999741,9.34586000000127,0;
34.11443999997573,9.37872999999672,0;
34.11199000000488,9.413060000006229,0;
34.1097900000168,9.443639999997689,0;
34.10720000002766,9.463780000005499,0;
34.10476000001654,9.494019999998271,0;
34.1032300000079,9.51683999999659,0;
34.10184000001755,9.53715000000375,0;
34.10122000001138,9.54421999999613,0;
34.10090999997919,9.549889999994781,0;
34.10130999999819,9.558730000004291,0;
34.10389999998733,9.568979999996371,0;
34.10593000001973,9.574439999996679,0;
34.10836999997264,9.581749999997561,0;
34.10989000002155,9.58745999999519,0;
34.11158000002615,9.59303000000364,0;
34.11320000002161,9.597179999997021,0;
34.11450999998488,9.602060000004711,0;
34.11639999999898,9.60821000000578,0;
34.11833999998635,9.614260000002099,0;
34.12060999998357,9.621750000005701,0;
34.12283000000753,9.63035999999556,0;
34.12601000000723,9.641369999997551,0;
34.13438000000315,9.6683800000028,0;
34.13861999998335,9.684309999996909,0;
34.14530999999261,9.707880000001751,0;
34.15165000001434,9.73853000000236,0;
34.15470999997342,9.75010999999358,0;
34.16151000000536,9.751659999994439,0;
34.17554999998538,9.789520000005719,0;
34.19978000002448,9.84898999999859,0;
34.21679999999469,9.89057000000321,0;
34.21452999999747,9.91430999999284,0;
34.21584000001894,9.944879999995459,0;
34.22246999997878,9.98808999999892,0;
34.24106999998912,10.05251999999746,0;
34.33066999999573,10.12352999999712,0;
34.33010000002105,10.13830999999482,0;
34.34184000000823,10.1585999999952,0;
34.34525999997277,10.18248000000312,0;
34.33734000002733,10.25320000000647,0;
34.29295999999158,10.40144000000146,0;
34.32542000000831,10.47539999999572,0;
34.29784999997355,10.50831999999355,0;
34.28788000001805,10.51145999999426,0;
34.28075999999419,10.51393000000098,0;
34.27730999997584,10.52456999999413,0;
34.28210000001127,10.5359199999948,0;
34.28940000000875,10.54799999999523,0;
34.29502999997931,10.55922999999893,0;
34.29745000001276,10.56676000000152,0;
34.29788000002736,10.57596000000194,0;
34.29717999999411,10.58293999999296,0;
34.31874000001699,10.60867000000144,0;
34.38096999999834,10.66969999999856,0;
34.41285999998217,10.72573000000557,0;
34.4269000000204,10.74839999999676,0;
34.43932000000495,10.7708100000018,0;
34.45759000000544,10.8047099999967,0;
34.4681199999759,10.81557999999495,0;
34.50871000002371,10.83955000000424,0;
34.60100999998394,10.90366999999969,0;
34.69984999997541,10.8223100000032,0;
34.70925999997417,10.81072999999742,0;
34.78010999999242,10.74391999999352,0;
34.78243999998085,10.70795999999973,0;
34.78792999999132,10.70898999999918,0;
34.81641000002855,10.73884999999427,0;
34.85811999998987,10.75371999999334,0;
34.93326999997953,10.85847999999532,0;
34.97221999999601,10.89321999999811,0;
34.9752500000177,10.89849999999569,0;
34.97662999999011,10.90531000000192,0;
34.97512000001734,10.91281999999774,0;
34.95945999998366,10.93335000000661,0;
34.95999000000302,10.94805000000633,0;
34.95296999998391,10.94843000000401,0;
34.95201000000816,10.95252999999502,0;
34.99962000001688,11.1825300000055,0;
34.96104000002379,11.23273000000336,0;
34.95562000002246,11.25375000000349,0;
34.99888000002829,11.34573000000091,0;
35.06085000000894,11.47298000000592,0;
35.09204000001773,11.62118000000191,0;
35.07520000002114,11.65860999999859,0;
35.05527000001166,11.71851000000606,0;
35.081520000007,11.78234000000521,0;
35.1689100000076,11.85336999999708,0;
35.21775000001071,11.88969999999972,0;
35.27555999998003,11.93653000000631,0;
35.30207999999402,12.01105000000098,0;
35.31439999997383,12.01566999999341,0;
35.33286999998381,12.01803000000655,0;
35.34370999998646,12.02980000000389,0;
35.34577000001445,12.04833999999391,0;
35.33408000000054,12.07246999999916,0;
35.39736000000266,12.18385000000126,0;
35.42110999999568,12.18648999999277,0;
35.437900000019,12.19662000000244,0;
35.44479999999749,12.21202000000631,0;
35.44267999997828,12.22496000000683,0;
35.43540000001667,12.23672000000079,0;
35.43102000001818,12.25413000000117,0;
35.5025799999712,12.36775000000489,0;
35.56728000001749,12.47976000000199,0;
35.6418699999922,12.60205000000133,0;
35.66409999999451,12.60245000000577,0;
35.68391000002157,12.61013000000094,0;
35.68778999999631,12.65557000000263,0;
35.71309999999357,12.67170000000624,0;
35.76409999997122,12.67321999999695,0;
35.84090000001015,12.67571999999927,0;
35.94708999997238,12.70467000000644,0;
35.99994000000879,12.71799000000465,0;
36.01633000001311,12.72147999999288,0;
36.02941999997711,12.71992000000319,0;
36.03821999998763,12.7202099999995,0;
36.07313999999315,12.72198000000208,0;
36.09880999999586,12.71051999999327,0;
36.10934000002453,12.69323000000441,0;
36.13150999997742,12.68433000000368,0;
36.15584000002127,12.69861999999557,0;
36.16519000002882,12.72602000000188,0;
36.17108000000007,12.74143999999797,0;
36.17350999999326,12.75366000000213,0;
36.17613999999594,12.76729000000341,0;
36.17813999997452,12.7786300000007,0;
36.18225000001257,12.88992000000144,0;
36.1502900000196,12.94091000000481,0;
36.17966999998316,13.01145999999426,0;
36.19812999997521,13.09062000000267,0;
36.23944999999367,13.23823000000266,0;
36.27223000000231,13.29709999999614,0;
36.3275099999737,13.41919000000053,0;
36.37439000001177,13.53462000000582,0;
36.39585999998963,13.6400100000028,0;
36.45225999999093,13.76420000000508,0;
36.46953000000212,13.79190999999992,0;
36.47678000002634,13.80567000000156,0;
36.48629999998957,13.81712999999581,0;
36.49910000001546,13.84204000000318,0;
36.47476999997161,13.91034000000218,0;
36.45285000000149,13.98110000000452,0;
36.4753100000089,14.00960000000487,0;
36.47931000002427,14.0208100000018,0;
36.48509999999078,14.03779000000213,0;
36.49099000002025,14.05555000000459,0;
36.4957900000154,14.06904000000213,0;
36.50465000001714,14.09463999999571,0;
36.50904999999329,14.10658999999578,0;
36.51484000001801,14.12376000000222,0;
36.51931000000332,14.13668999999936,0;
36.52523000002839,14.1541600000055,0;
36.53161000000546,14.17436999999336,0;
36.539700000023,14.19745999999577,0;
36.550670000026,14.22999000000709,0;
36.55625999998301,14.24698999999964,0;
36.55858999997145,14.25514999999723,0;
36.55937999999151,14.25909999999567,0;
36.55814999999711,14.26287999999477,0;
36.52688999997918,14.32914000000164,0;
36.5126900000032,14.44890000000305,0;
36.50585999997566,14.52551000000676,0;
36.49096000002464,14.69960999999603,0;
36.46817000000738,14.94706999999471,0;
36.45383000001311,15.06570000000647,0;
36.47113000001991,15.19749999999476,0;
36.52549000002909,15.21587,0;
36.56050000002142,15.28061000000162,0;
36.61534999997821,15.42260999999416,0;
36.63878999999724,15.52194999999483,0;
36.69968999997946,15.71301000000676,0;
36.76796999998624,15.82971000000543,0;
36.81556000001729,15.97083000000566,0;
36.8279399999883,16,0;
36.90623000002233,16.23446000000695,0;
36.96130000002449,16.28425999998581,0;
36.94725000002654,16.29777999999351,0;
36.94202000001678,16.33395000000019,0;
36.93297000002349,16.35917000001064,0;
36.95248999999603,16.37820999999531,0;
36.96343000000343,16.41912999999477,0;
36.93963999999687,16.44769000000088,0;
36.91204000002472,16.48146999999881,0;
36.89013999997405,16.53239000000758,0;
36.9034700000193,16.61425000001327,0;
36.89394999999786,16.65517000001273,0;
36.92251000000397,16.67897000000812,0;
36.96724000002723,16.70086000001174,0;
36.99340999999549,16.73131999999168,0;
36.98674999998184,16.76368000000366,0;
37.0143500000122,16.77890999999363,0;
37.02149000001373,16.79271000000881,0;
37.01387999998406,16.81460000001243,0;
37.00816999998642,16.84744000001228,0;
37.00530999997864,16.89264999999432,0;
37.00530999997864,16.93166999999085,0;
36.98769999999786,16.96354999998584,0;
36.99816999997711,17.00210000001243,0;
37.0167299999739,17.04493000000366,0;
37.00768999999855,17.08014999999432,0;
37.04194999998435,17.10250999999698,0;
37.06718000001274,17.09299999999348,0;
37.09620999998879,17.09156999998959,0;
37.12713999999687,17.06111000000965,0;
37.1737800000119,17.06682000000728,0;
37.21517999999924,17.07918999998947,0;
37.24943999998504,17.07681999998749,0;
37.27941999997711,17.08538000000408,0;
37.30749999999534,17.09727999998722,0;
37.34318999998504,17.08157000000938,0;
37.36603999999352,17.06205999999656,0;
37.39126000000397,17.05207000000519,0;
37.40172999998322,17.07110000000102,0;
37.41125000000466,17.09727999998722,0;
37.43551999999909,17.10299000001396,0;
37.44884000002639,17.12249999999767,0;
37.46883000002708,17.16485999998986,0;
37.50500000000466,17.19531000001007,0;
37.49832999997307,17.21862999998848,0;
37.49738000001526,17.23814000000129,0;
37.49929000000702,17.25479999999516,0;
37.5092799999984,17.27716999998665,0;
37.49881000001915,17.30999999999767,0;
37.5092799999984,17.32761000000755,0;
37.61160000000382,17.37567999999737,0;
37.75341000000481,17.38328999999794,0;
37.76626000000397,17.39089999999851,0;
37.77101999998558,17.42993000001297,0;
37.78100999997696,17.46228999999585,0;
37.77626000001328,17.48227999999654,0;
37.79623999999603,17.49037000001408,0;
37.8300300000119,17.50179000000935,0;
37.85573000001023,17.49226999998791,0;
37.86430000001565,17.46275999999489,0;
37.8918999999878,17.4542000000074,0;
37.92330999998376,17.46085999999195,0;
37.95994999998948,17.47847000000183,0;
37.97232000000076,17.50701999999001,0;
38.00848999997834,17.55746999999974,0;
38.02990999998292,17.54699999999139,0;
38.06702999997651,17.55937000000267,0;
38.07082999998238,17.51130000001285,0;
38.10366999998223,17.47847000000183,0;
38.10415000002831,17.52368000001297,0;
38.1127100000158,17.5627000000095,0;
38.16743999999017,17.57269999998971,0;
38.187900000019,17.56841000000713,0;
38.19932000001427,17.54746999999043,0;
38.22788000002038,17.55746999999974,0;
38.25786000001244,17.55793999999878,0;
38.27642000000924,17.59315999998944,0;
38.30687999998918,17.64027000000351,0;
38.35256000002846,17.67976999998791,0;
38.37112000002526,17.70928000001004,0;
38.39491999999154,17.76970999999321,0;
38.45204000000376,17.90036999998847,0;
38.56115000002319,18.00099999998929,0;
38.57753000000957,18.00249000001349,0;
38.59093000000576,18.0198500000115,0;
38.57156999997096,18.04268000001321,0;
38.57257000001846,18.04615000000922,0;
38.56215000001248,18.06847999998718,0;
38.54924000002211,18.08436000000802,0;
38.52691999997478,18.1022299999895,0;
38.5120299999835,18.11116000000038,0;
38.50358999997843,18.12207000001217,0;
38.51451000000816,18.13200000001234,0;
38.50557999999728,18.14589000001433,0;
38.49118999997154,18.15979000000516,0;
38.47729000000982,18.15779999998631,0;
38.47431999997934,18.15283999999519,0;
38.45893000002252,18.17069999998785,0;
38.4524799999781,18.17665999999736,0;
38.46489000000292,18.18161999998847,0;
38.46142000000691,18.20146999999997,0;
38.44553999998607,18.19352999998955,0;
38.42469999997411,18.19750000000931,0;
38.41476999997394,18.18757000000915,0;
38.42073000001255,18.16821999999229,0;
38.42518999997992,18.15979000000516,0;
38.41178999998374,18.15184999999474,0;
38.40237000002526,18.15382999999565,0;
38.40980999998283,18.16227000000072,0;
38.41080000001239,18.16920999999275,0;
38.39889000001131,18.18708000000333,0;
38.36613999999827,18.20592999999644,0;
38.34729000000516,18.19601000001421,0;
38.35720999998739,18.18757000000915,0;
38.35820000001695,18.17715000000317,0;
38.33389000000898,18.17616000000271,0;
38.30560999998124,18.18608000001404,0;
38.29567999998108,18.19054999999935,0;
38.28575999999885,18.19798999998602,0;
38.26740000001155,18.21088999998756,0;
38.27236000000266,18.22479000000749,0;
38.28227999998489,18.24215999999433,0;
38.26640999998199,18.25852999999188,0;
38.29071999998996,18.26052000001073,0;
38.30262999999104,18.25456000000122,0;
38.31056999997236,18.26696999999695,0;
38.30907999997726,18.27342000001227,0;
38.3021300000255,18.28731000001426,0;
38.29320000001462,18.28234999999404,0;
38.28178999997908,18.3017000000109,0;
38.27533999999287,18.28283999999985,0;
38.27087000000756,18.27689000000828,0;
38.24655999999959,18.26597000000766,0;
38.25847000000067,18.24760999999125,0;
38.22969000000739,18.22380000000703,0;
38.209840000025,18.2267700000084,0;
38.19594000000507,18.23321999999462,0;
38.19147999997949,18.24314999999478,0;
38.17907000001287,18.24413999999524,0;
38.18800999998348,18.22925000000396,0;
38.16914999997243,18.23470999998972,0;
38.1547600000049,18.23819000000367,0;
38.16318999999203,18.25158000001102,0;
38.14929999999003,18.2481099999859,0;
38.12896000000183,18.25802999999723,0;
38.10860999999568,18.27540000001318,0;
38.1011699999799,18.29326999999466,0;
38.11258000001544,18.29376000000048,0;
38.10612999997102,18.31310999998823,0;
38.09571000002325,18.33444999999483,0;
38.09918000001926,18.37265999999363,0;
38.11953000002541,18.40341999998782,0;
38.14433999999892,18.41583000001265,0;
38.11109000002034,18.43567999999505,0;
38.06940999999642,18.46147999999812,0;
38.03814999997849,18.48579000000609,0;
38.01085999998031,18.52003000001423,0;
37.99349000002258,18.55030000000261,0;
37.9676900000195,18.57907999999588,0;
37.93643000000156,18.59843000001274,0;
37.90665999997873,18.60785999998916,0;
37.87192000000505,18.61629999999423,0;
37.84314000001177,18.6222499999858,0;
37.80940000002738,18.62919999999576,0;
37.78707000002032,18.64457999999286,0;
37.7637499999837,18.65698999998858,0;
37.75381999998353,18.68377999999211,0;
37.74190999998245,18.68228999999701,0;
37.72901000001002,18.66938999999547,0;
37.75134000001708,18.66938999999547,0;
37.7563000000082,18.64457999999286,0;
37.76474000001326,18.63466000001063,0;
37.73596000001999,18.637630000012,0;
37.71363000001293,18.64855000001262,0;
37.69377999997232,18.65648999999394,0;
37.7041999999783,18.67485000001034,0;
37.72852000000421,18.69966000001295,0;
37.70618999999715,18.6976699999941,0;
37.68087999999989,18.7185199999949,0;
37.66748000000371,18.72794000001159,0;
37.63821000000462,18.71554000000469,0;
37.62630000000354,18.71205999999074,0;
37.59901000000536,18.67783000000054,0;
37.57172000000719,18.69271000000299,0;
37.54888999997638,18.70164000001387,0;
37.50621999998111,18.71157000001404,0;
37.47594999999274,18.737369999988,0;
37.47048999997787,18.77061999999569,0;
37.45957000000635,18.8093200000003,0;
37.44716999999946,18.82569999998668,0;
37.43079000001308,18.84802999999374,0;
37.41788999998244,18.87135000000126,0;
37.41292999999132,18.89814000000479,0;
37.41490999999223,18.92989999998827,0;
37.40299999999115,18.97357000000193,0;
37.40399999998044,18.99291999998968,0;
37.38861999998335,19.01970999999321,0;
37.38910999998916,19.03559000001405,0;
37.37670999998227,19.05345999999554,0;
37.37372999999207,19.07479000001331,0;
37.35784999997122,19.10902999999234,0;
37.35884000000078,19.13234999999986,0;
37.33899000001838,19.14723999999114,0;
37.32559999998193,19.17800000001444,0;
37.33303999999771,19.21572000000742,0;
37.33006000000751,19.24846999999136,0;
37.33253999997396,19.26732000001357,0;
37.33354000002146,19.3000699999975,0;
37.33205000002636,19.31148000000394,0;
37.32659000001149,19.32289999999921,0;
37.32410999998683,19.32240000000456,0;
37.31468000001041,19.31942000001436,0;
37.30872999998974,19.32785999999032,0;
37.31617000000551,19.33282000001054,0;
37.32057956443168,19.33149712657905,0;
37.32510000001639,19.3367900000012,0;
37.31715999997687,19.38144999998622,0;
37.30921999999555,19.40377999999328,0;
37.29979000001913,19.42957999999635,0;
37.2918499999796,19.46084000001429,0;
37.29681999998866,19.47424000001047,0;
37.27399000001606,19.50648999999976,0;
37.26704000000609,19.51790999999503,0;
37.26604999997653,19.53179999999702,0;
37.24570999998832,19.55561999999918,0;
37.24619999999413,19.57496999998693,0;
37.23726999998325,19.6002800000133,0;
37.24272999999812,19.64345000000321,0;
37.24670000001788,19.65982000000076,0;
37.26406999997562,19.68611999999848,0;
37.25910000002477,19.69059000001289,0;
37.26059000001987,19.75310999999056,0;
37.26208000001498,19.78039999998873,0;
37.2576199999894,19.78635000000941,0;
37.26306999998633,19.82407000000239,0;
37.26556000002893,19.84390999999596,0;
37.25117000000319,19.84787999998662,0;
37.24619999999413,19.85730999999214,0;
37.24538999999641,19.86689000000479,0;
37.2392000000109,19.88878000000841,0;
37.23110999999335,19.90067999999155,0;
37.22493000002578,19.91401000000769,0;
37.22350000002189,19.925900000002,0;
37.21398000000045,19.95113000000129,0;
37.19969999999739,19.95540999999503,0;
37.19828000001144,19.97682000001078,0;
37.18923000001814,20.00489999999991,0;
37.18684999999823,20.02061000000685,0;
37.18828000000212,20.0420199999935,0;
37.20637000002898,20.05725000001257,0;
37.2020800000173,20.04344999999739,0;
37.20683999999892,20.06771999999182,0;
37.19969999999739,20.09198999998625,0;
37.19589999999153,20.12197000000742,0;
37.19494000001578,20.1395799999882,0;
37.18066999997245,20.16623000000254,0;
37.17115000000922,20.2085800000059,0;
37.16544000001159,20.22237999999197,0;
37.17352999997092,20.24523000000045,0;
37.16687000001548,20.26855000000796,0;
37.16972000000533,20.2951999999932,0;
37.1701999999932,20.31280000001425,0;
37.17304999998305,20.34231000000727,0;
37.17067000002135,20.35944000000018,0;
37.17447999998694,20.37705000001006,0;
37.1849500000244,20.39942000000156,0;
37.18161999998847,20.42272999999113,0;
37.17210000002524,20.42558999999892,0;
37.16985000000568,20.44849000000977,0;
37.17304999998305,20.46747000000323,0;
37.17590999999084,20.44985999999335,0;
37.19637000001967,20.46794000000227,0;
37.19446999998763,20.4936400000006,0;
37.20065999997314,20.52077000000281,0;
37.19637000001967,20.55884000001242,0;
37.17590999999084,20.5935799999861,0;
37.16591999999946,20.63164999999572,0;
37.13878999999724,20.66401000000769,0;
37.14370999997482,20.69565000000875,0;
37.13848000002326,20.74656999998842,0;
37.13182000000961,20.75513999999384,0;
37.13182000000961,20.7827399999951,0;
37.12611000001198,20.79701999999816,0;
37.11515999998664,20.84555999998702,0;
37.10469000000739,20.88552999999956,0;
37.09613000001991,20.89837999999872,0;
37.09564999997383,20.91646000000765,0;
37.09041000000434,20.92835999999079,0;
37.08987000002526,20.94836000000942,0;
37.08082999999169,20.96929999999702,0;
37.07273999997415,20.99833000000217,0;
37.07131000002846,21.0225999999966,0;
37.05751000001328,21.0411599999934,0;
37.06322000001092,21.063530000014,0;
37.0770200000261,21.07542999999714,0;
37.09083000000101,21.06971999999951,0;
37.08273999998346,21.08731999999145,0;
37.10605000000214,21.1349099999934,0;
37.10843000002205,21.15156999998726,0;
37.09558000002289,21.17013000001316,0;
37.10795999999391,21.19201999998768,0;
37.12699000001885,21.20248999999603,0;
37.14175000000978,21.19962999998825,0;
37.14935999998124,21.18059999999241,0;
37.14364999998361,21.14824000000954,0;
37.15174000000115,21.12205999999424,0;
37.16697000002023,21.13443999999436,0;
37.17362999997567,21.11493000001065,0;
37.19313999998849,21.0844700000016,0;
37.20361000002595,21.06400000001304,0;
37.20123000000604,21.05733999999939,0;
37.17268000001786,21.09445999999298,0;
37.16648999997415,21.07638000001316,0;
37.18171999999322,21.0397299999895,0;
37.19695000001229,21.0092799999984,0;
37.19981000002008,21.02546000000439,0;
37.21123000001535,21.0264099999913,0;
37.23787999997148,21.02689000000828,0;
37.23359000001801,21.04211000000942,0;
37.2388299999875,21.04211000000942,0;
37.24596999998903,21.05733999999939,0;
37.24310999998124,21.08019000000786,0;
37.21979000000283,21.13015000001178,0;
37.19884999998612,21.15108999999939,0;
37.18553000001702,21.1744100000069,0;
37.17411000002176,21.19773000001442,0;
37.14459999999963,21.22485999998753,0;
37.12128000002122,21.25578999999561,0;
37.09892000001855,21.27958000000217,0;
37.06845999998041,21.31766000000061,0;
37.03800000000047,21.34049999999115,0;
37.02276999998139,21.344780000014,0;
37.01800999999978,21.33335999998963,0;
37.01230000000214,21.34239999999409,0;
37.00659000000451,21.3485900000087,0;
37.01468000002205,21.35430000000633,0;
37.0251500000013,21.34906000000774,0;
37.04227999999421,21.34430999998585,0;
37.05274999997346,21.34716000000481,0;
37.02944000001298,21.40426999999909,0;
37.01040000002831,21.39808000001358,0;
37.00897000002442,21.40379000001121,0;
37.00945000001229,21.43757999999798,0;
36.99278999998933,21.46612999998615,0;
36.97804000001634,21.47946000000229,0;
36.95328999997582,21.47898000001442,0;
36.95853000000352,21.49040000000969,0;
36.97756000002846,21.48850000000675,0;
36.97709000000032,21.50468000001274,0;
36.95423999999184,21.53703999999561,0;
36.9552000000258,21.5532200000016,0;
36.94043999997666,21.56987999999546,0;
36.93044999998529,21.58606000000145,0;
36.93521000002511,21.60842999999295,0;
36.91474999999627,21.60224000000744,0;
36.90570000000298,21.60938000000897,0;
36.8957100000116,21.62364999999409,0;
36.91141000000061,21.61984999998822,0;
36.9328300000052,21.62651000000187,0;
36.92045999999391,21.64887999999337,0;
36.91759999998612,21.67790999999852,0;
36.91093999997247,21.69550999999046,0;
36.8957100000116,21.69646999999532,0;
36.8785800000187,21.69075000000885,0;
36.8638299999875,21.69789000001037,0;
36.8785800000187,21.70407999999588,0;
36.8957100000116,21.70645999998669,0;
36.90522999997484,21.72216000000481,0;
36.90189999999711,21.73691999999573,0;
36.89000000001397,21.73929999998654,0;
36.87524999998277,21.72883000000729,0;
36.86524999997346,21.72263999999268,0;
36.86573000001954,21.73595999999088,0;
36.85002000001259,21.73405999998795,0;
36.85525999998208,21.74548000001232,0;
36.85810999997193,21.7592799999984,0;
36.86858000000939,21.75310000000172,0;
36.88047999999253,21.75643000000855,0;
36.89332999999169,21.75690000000759,0;
36.89332999999169,21.77022999999463,0;
36.8895200000261,21.78735999998753,0;
36.87524999998277,21.78925999999046,0;
36.87524999998277,21.79402000000118,0;
36.89143000001786,21.79402000000118,0;
36.88618999999017,21.82209999999031,0;
36.88190999999642,21.83543000000645,0;
36.87049000000115,21.82591000001412,0;
36.86191999999573,21.81687000000966,0;
36.84717000002274,21.80924999999115,0;
36.84668999997666,21.81971999999951,0;
36.85716000001412,21.82399999999325,0;
36.86096999997972,21.83637999999337,0;
36.84811999998055,21.83113999999478,0;
36.83717999997316,21.83113999999478,0;
36.82955999998376,21.83684999999241,0;
36.83621999999741,21.84685000000172,0;
36.85050000000047,21.85112999999546,0;
36.86573000001954,21.84685000000172,0;
36.88047999999253,21.84875000000466,0;
36.87658999999985,21.86556999999448,0;
36.86898000002839,21.8798400000087,0;
36.86326999997254,21.88936000000103,0;
36.87992999999551,21.9060199999949,0;
36.88373000000138,21.92647999999463,0;
36.88040000002366,21.94409000000451,0;
36.86232000001473,21.94742000001133,0;
36.86041000002297,21.95550999999978,0;
36.85755999997491,21.96170000001439,0;
36.84519000002183,21.97312000000966,0;
36.85422999999719,21.9812099999981,0;
36.87278999999398,21.99262999999337,0;
36.89373000001069,22.01451999999699,0;
36.90039000002434,22.04641000000993,0;
36.88563999999315,22.0616399999999,0;
36.86421999998856,22.07543999998597,0;
36.84185000002617,22.08115000001271,0;
36.81995999999344,22.11207999999169,0;
36.79616999998689,22.13586999999825,0;
36.77189999999246,22.16680999999517,0;
36.76809000002686,22.16109999999753,0;
36.74762999999803,22.15872000000672,0;
36.72049999999581,22.16300000000047,0;
36.71526999998605,22.16918999998597,0;
36.69861000002129,22.19154999998864,0;
36.67719999997644,22.19964000000618,0;
36.65197000000626,22.22010999999475,0;
36.63388999999734,22.2453300000052,0;
36.60962000000291,22.26293999998597,0;
36.58392000000458,22.28531000000658,0;
36.5529899999965,22.30767000000924,0;
36.51254000002518,22.32384999998612,0;
36.48064999998314,22.34241000001202,0;
36.4516200000071,22.34955000001355,0;
36.42783000000054,22.38096000000951,0;
36.42068999999901,22.40570999999181,0;
36.40213000000222,22.435209999996,0;
36.37167000002228,22.44805999999517,0;
36.30885999999009,22.49421999999322,0;
36.29029999999329,22.53753000000142,0;
36.2888699999894,22.56513000000268,0;
36.27412000001641,22.58892000000924,0;
36.26127000001725,22.61176999998861,0;
36.23462000000291,22.6279499999946,0;
36.21463000000222,22.64365000001271,0;
36.20130000001518,22.64840999999433,0;
36.19320999999763,22.65792999998666,0;
36.17894000001252,22.67077999998583,0;
36.16323000000557,22.6583999999857,0;
36.13611000002129,22.66696999999112,0;
36.10278999997536,22.66602000000421,0;
36.06852999998955,22.67838999998639,0;
36.04044999997132,22.6822000000102,0;
36.04044999997132,22.67649000001256,0;
36.02426999999443,22.6860100000049,0;
36.00047999998787,22.68505000000005,0;
35.97240000002785,22.6993300000031,0;
35.95955000002868,22.69409999999334,0;
35.9457500000135,22.70266000000994,0;
35.94147000001976,22.71218000000226,0;
35.93479999998817,22.69599999999627,0;
35.9286200000206,22.70219000001089,0;
35.91434000001755,22.71979000000283,0;
35.89910999999847,22.73311999998987,0;
35.86913000000641,22.75643999999738,0;
35.84961999999359,22.77118999999948,0;
35.80963999999221,22.7968899999978,0;
35.80774000001838,22.8325799999875,0;
35.79298999998719,22.85446999999112,0;
35.79680000001099,22.84400000001187,0;
35.7877500000177,22.82686999998987,0;
35.77110000001267,22.84400000001187,0;
35.77633000002243,22.8587600000028,0;
35.78823000000557,22.85589999999502,0;
35.77633000002243,22.88445000001229,0;
35.76396000001114,22.90301000000909,0;
35.7358799999929,22.92871000000741,0;
35.71922000002814,22.92871000000741,0;
35.71685000002617,22.91109999999753,0;
35.70876000000862,22.93489999999292,0;
35.69352999998955,22.96106999999029,0;
35.68686000001617,22.97487000000547,0;
35.66259000002174,23.00581000000238,0;
35.65640999999596,23.04292999999598,0;
35.63880000001518,23.09432000000379,0;
35.62784999998985,23.12906000000658,0;
35.62452000001213,23.14285999999265,0;
35.38848000002326,22.94964999999502,0;
34.91236000001663,22.78641000000061,0;
34.68631000001915,22.29672000001301,0;
34.28893999999855,22.22675999999046,0;
34.10333999997238,22.05924999999115,0;
33.72739000001457,21.73944999999367,0;
33.16414000000805,21.99895000000834,0;
32.42550000001211,21.99835999999777,0;
32.1095600000117,21.99799000000348,0;
31.4079400000046,21.99966000000131,0;
31.51610999999684,22.18638999998802,0;
31.37778999999864,22.14382999998634,0;
31.3038799999922,21.99989999999525,0;
30.07892999998876,21.99942000000738,0;
29.27418999999645,21.99989999999525,0;
28.0730399999884,21.99989999999525,0;
27.26165000000037,21.99895000000834,0;
26.04289000001154,21.99846999999136,0;
24.99877999999444,22.00036999999429,0;
24.99783000000753,21.19992000001366,0;
25.00067999999737,20.3899500000116,0;
24.00068999998621,19.74781999998959,0;
24,19.20000000001164,0;
24,18.70000000001164,0;
24,18.20000000001164,0;
24,17.70000000001164,0;
24,17.20000000001164,0;
24,16.70000000001164,0;
24,16.39999999999418,0;
24.00237999999081,15.88482999999542,0;
23.96393599998555,15.70386700000381,0;
23.85630000001402,15.73166999999376,0;
23.74114599998575,15.7437959999952,0;
23.59262700000545,15.75447600000189,0;
23.44391999999061,15.70243000000482,0;
23.33343100000639,15.6862070000061,0;
23.2189200000139,15.70707499999844,0;
23.16171099999337,15.70861099999456,0;
23.1059879999957,15.69058199999563,0;
23.05442000000039,15.6533999999956,0;
23.02264999999898,15.60877599999367,0;
22.97495500001241,15.57990500000596,0;
22.93059000000358,15.55081000000064,0;
22.92213099999935,15.48859999999695,0;
22.96378900000127,15.43807400000514,0;
22.99694099999033,15.3984300000011,0;
22.99327499998617,15.33027500000026,0;
22.98681100000977,15.26344999999856,0;
22.99197199998889,15.2279969999945,0;
22.96921000001021,15.19164000000455,0;
22.9305990000139,15.15751000000455,0;
22.92098600001191,15.09342999999353,0;
22.88012499999604,15.08888599999773,0;
22.83799999998882,15.04518000000098,0;
22.7770099999907,14.99439999999595,0;
22.75085000001127,14.9554300000018,0;
22.7586500000034,14.91933000000427,0;
22.74436000001151,14.89724999999453,0;
22.6849799999909,14.87467999999353,0;
22.7014499999932,14.76137999999628,0;
22.61726999998791,14.65025000000605,0;
22.49153999998816,14.62550999999803,0;
22.45194999998785,14.59691999999632,0;
22.41539999999804,14.59703999999329,0;
22.40253099999973,14.56247999999323,0;
22.40070299999206,14.50827099999878,0;
22.44763199999579,14.48251899999741,0;
22.44117000000551,14.41930999999749,0;
22.46182999998564,14.32899999999791,0;
22.42826099999365,14.29218000000401,0;
22.48981100000674,14.23531000000366,0;
22.55816099999356,14.22970999999961,0;
22.53635199999553,14.11857599999348,0;
22.43104900000617,14.05108999999356,0;
22.35185100001399,14.01721000000543,0;
22.2634529999923,13.96353100000124,0;
22.14931000000797,13.85626000000047,0;
22.09998776260181,13.78820813831408,0;
22.11402000000817,13.74246999999741,0;
22.12510999999358,13.69973999999638,0;
22.12327000001096,13.66387999999279,0;
22.15702000001329,13.61564000000362,0;
22.17897000000812,13.59169000000111,0;
22.2219000000041,13.54907999999705,0;
22.2184389999893,13.4771699999983,0;
22.23161700001219,13.44494699999632,0;
22.24809099998674,13.40829000000667,0;
22.28281000000425,13.38185999999405,0;
22.25440000000526,13.31686000000627,0;
22.22651999999653,13.28543000000354,0;
22.17235999999684,13.21512999999686,0;
22.13464999999269,13.16775999999663,0;
22.08824000001187,13.16075999999885,0;
22.07172999999602,13.14316999999573,0;
22.01360000000568,13.13628999999491,0;
21.98206000000937,13.091459999996,0;
21.93267999999807,13.05014999999548,0;
21.93082999999751,13.01837999999407,0;
21.88967102119932,12.96110124964616,0;
21.8507399999944,12.87153999999282,0;
21.83913999999641,12.80167000000074,0;
21.85797499999171,12.73415099999693,0;
21.88780600001337,12.68643899999734,0;
21.98236100000213,12.63874999999825,0;
22.18393900000956,12.69297400000505,0;
22.25441900000442,12.71898999999394,0;
22.35944000000018,12.66138000000501,0;
22.4583799999964,12.62412999999651,0;
22.42015099999844,12.50907000000007,0;
22.3721390000137,12.44150899999659,0;
22.38797199999681,12.42327600000135,0;
22.41881000000285,12.36070000000473,0;
22.432341000007,12.31803999999829,0;
22.47550800000317,12.21958999999333,0;
22.49074999999721,12.11549999999988,0;
22.48204999999143,12.05898000000161,0;
22.49166999998852,12.02049999999872,0;
22.55140999998548,12.05297999999311,0;
22.58142999999109,12.0535499999969,0;
22.63805999999749,12.05555999999342,0;
22.59190999998827,11.85202000000572,0;
22.55468999998993,11.6941300000035,0;
22.59366000001319,11.58939999999711,0;
22.66208000000915,11.51558999999543,0;
22.7542100000137,11.4751099999994,0;
22.78901000000769,11.40317999999388,0;
22.94528000001446,11.4172499999986,0;
22.96523999999044,11.30611999999383,0;
22.98173999998835,11.18783999999869,0;
22.94498999998905,11.09102000000712,0;
22.90408999999636,10.99255999999878,0;
22.88526999999885,10.89470000000438,0;
22.92068999999901,10.8625699999975,0;
22.99064000000362,10.74700000000303,0;
23.02293999999529,10.70771000000241,0;
23.0779099999927,10.67106999999669,0;
23.15953999999329,10.59715000000142,0;
23.21669999998994,10.54068000000552,0;
23.27061000000685,10.4898300000059,0;
23.34169000000111,10.41371999999683,0;
23.38740999999573,10.34182000000146,0;
23.4864799999923,10.1828300000052,0;
23.56208999999217,10.05972999999358,0;
23.67567999998573,9.83767999999691,0;
23.66794000001391,9.618149999994779,0;
23.63263000000734,9.55843000000459,0;
23.64141999999993,9.515750000005941,0;
23.64386000001105,9.44568999999319,0;
23.67743999999948,9.438739999997781,0;
23.65111000000616,9.383709999994609,0;
23.64290000000619,9.313649999996411,0;
23.64011000000755,9.272949999998669,0;
23.61095999999088,9.23054000000411,0;
23.53982000000542,9.17436999999336,0;
23.49642999999924,9.172909999993861,0;
23.4717299999902,9.11705000000075,0;
23.46350000001257,9.062200000000299,0;
23.45084999999381,9.01038000000699,0;
23.4803799999936,8.97771000000648,0;
23.51272999998764,8.963489999994639,0;
23.58629999999539,8.997319999994939,0;
23.58871000001091,8.934189999999941,0;
23.56570000000647,8.875520000001419,0;
23.52345000000787,8.832360000000341,0;
23.5082199999888,8.771819999994481,0;
23.54462000000058,8.71769000000495,0;
23.60818000001018,8.74417999999423,0;
23.71376000001328,8.722880000001171,0;
23.79402000000118,8.732420000000269,0;
23.87348000000929,8.716459999995999,0;
23.94954999999027,8.72835000000487,0;
24.01889000000665,8.71012000000337,0;
24.1015400000033,8.69938000000548,0;
24.1896499999857,8.697820000001229,0;
24.22338000001037,8.701350000003,0;
24.26099000000977,8.703059999999819,0;
24.23761000001105,8.6481300000014,0;
24.2521199999901,8.60653000000457,0;
24.25588000001153,8.578930000003311,0;
24.20384999999078,8.51996000000509,0;
24.16344999999274,8.46269000000029,0;
24.15192999999272,8.387600000001839,0;
24.18022000000929,8.33329999999842,0;
24.23613000000478,8.285499999998139,0;
24.30022999999346,8.26546999999846,0;
24.36040000000503,8.251850000000561,0;
24.4142400000128,8.280650000000611,0;
24.47554000001401,8.275269999998271,0;
24.50325999999768,8.23883000000205,0;
24.56069000001298,8.20290000000386,0;
24.64702999999281,8.22620000000461,0;
24.70233999998891,8.206760000000941,0;
24.75625999999465,8.18684999999823,0;
24.80509000000893,8.191250000003491,0;
24.86197999998694,8.181639999995239,0;
24.89123000000836,8.129319999992729,0;
24.92008000001078,8.044009999997799,0;
24.96575999999186,8,0;
25,7.96338000000105,0;
25.08011999999871,7.90484000000288,0;
25.12710000001243,7.89216999999917,0;
25.18952000001445,7.895559999997199,0;
25.22865000000456,7.86933999999747,0;
25.25117999999202,7.8350999999966,0;
25.27832000001217,7.79695000000356,0;
25.28909999999451,7.76776000000245,0;
25.2812200000044,7.724589999997991,0;
25.28922999999486,7.68301000000065,0;
25.30486999999266,7.665309999996681,0;
25.29195000001346,7.643960000001239,0;
25.23689000000013,7.62081000000035,0;
25.21061000000918,7.59763999999995,0;
25.17306000000099,7.57332000000315,0;
25.19948000001023,7.516320000002449,0;
25.21048999999766,7.484839999997349,0;
25.23879000000306,7.472170000000919,0;
25.2795299999998,7.465239999997719,0;
25.29149000000325,7.451670000002199,0;
25.31747000000905,7.42338000000018,0;
25.33609999998589,7.410259999996921,0;
25.35214999999152,7.36613000000216,0;
25.38800999999512,7.32471999999689,0;
25.42529000001377,7.31846999999834,0;
25.45173999998951,7.306259999997571,0;
25.46528999999282,7.28717000000324,0;
25.49265999998897,7.2763300000006,0;
25.50992000001133,7.27124999999796,0;
25.53799000001163,7.26892000000225,0;
25.5584600000002,7.25854999999865,0;
25.57889999999315,7.22819000000163,0;
25.59546000001137,7.223109999999,0;
25.63180999999167,7.21132999999827,0;
25.67319999999017,7.192190000001571,0;
25.71390000000247,7.17373999999836,0;
25.75094999998691,7.174140000002809,0;
25.77346999998554,7.154799999996611,0;
25.8226699999941,7.1275999999998,0;
25.83460000000196,7.107580000003509,0;
25.89347000000998,7.09023999999772,0;
25.89410999999382,7.06564000000071,0;
25.92926999999327,7.04213000000163,0;
25.97938999999315,7.018819999997499,0;
26.03067000000738,7.00746000000072,0;
